9 0.7016574585635358 0.48458732821373024 0.9116022099447509 0.48458732821373024 0.9116022099447509 0.8943197032887545 0.7016574585635358 0.8943197032887545
3 0.6574585635359117 0.4570091875836809 0.7193370165745856 0.4570091875836809 0.7193370165745856 0.5555025469767155 0.6574585635359117 0.5555025469767155
7 0.49502762430939223 0.4924667969651734 0.6132596685082875 0.4924667969651734 0.6132596685082875 0.6953631173148249 0.49502762430939223 0.6953631173148249
7 0.2795580110497234 0.5062558672801979 0.47182320441988895 0.5062558672801979 0.47182320441988895 0.7032425860662674 0.2795580110497234 0.7032425860662674
7 0.4232044198895027 0.4767078594622879 0.4651933701657459 0.4767078594622879 0.4651933701657459 0.5180750704073623 0.4232044198895027 0.5180750704073623
7 0.06740331491712707 0.6185382969882578 0.08950276243093923 0.6185382969882578 0.08950276243093923 0.6205081641761184 0.06740331491712707 0.6205081641761184
7 0.0033149171270718232 0.5495929454131335 0.04861878453038675 0.5495929454131335 0.04861878453038675 0.6421767032425861 0.0033149171270718232 0.6421767032425861
5 0.016574585635359115 0.45306945320795955 0.04751381215469613 0.45306945320795955 0.04751381215469613 0.5555025469767156 0.016574585635359115 0.5555025469767156
3 0.16685082872928178 0.46291878914726303 0.29834254143646416 0.46291878914726303 0.29834254143646416 0.5811108204189047 0.16685082872928178 0.5811108204189047
3 0.32265193370165746 0.4491297188322381 0.3734806629834254 0.4491297188322381 0.3734806629834254 0.514135336031641 0.32265193370165746 0.514135336031641
3 0.4232044198895027 0.4471598516443775 0.45193370165745855 0.4471598516443775 0.45193370165745855 0.4826174610258699 0.4232044198895027 0.4826174610258699
