7 0.0033149171270718232 0.545653211037412 0.14917127071823205 0.545653211037412 0.14917127071823205 0.6342972344911433 0.0033149171270718232 0.6342972344911433
7 0.14033149171270717 0.5318641407223872 0.24088397790055255 0.5318641407223872 0.24088397790055255 0.6185382969882578 0.14033149171270717 0.6185382969882578
7 0.24198895027624306 0.5377737422859693 0.3071823204419889 0.5377737422859693 0.3071823204419889 0.6008094922975115 0.24198895027624306 0.6008094922975115
7 0.2950276243093923 0.5239846719709444 0.3491712707182321 0.5239846719709444 0.3491712707182321 0.5870204219824866 0.2950276243093923 0.5870204219824866
3 0.46740331491712717 0.5279244063466658 0.512707182320442 0.5279244063466658 0.512707182320442 0.6185382969882578 0.46740331491712717 0.6185382969882578
7 0.3580110497237569 0.53974360947383 0.41215469613259675 0.53974360947383 0.41215469613259675 0.5791409532310439 0.3580110497237569 0.5791409532310439
7 0.4276243093922652 0.5377737422859693 0.4662983425414365 0.5377737422859693 0.4662983425414365 0.5830806876067652 0.4276243093922652 0.5830806876067652
7 0.5160220994475138 0.5436833438495514 0.5469613259668509 0.5436833438495514 0.5469613259668509 0.5870204219824866 0.5160220994475138 0.5870204219824866
1 0.8486187845303867 0.5771710860431832 0.9734806629834255 0.5771710860431832 0.9734806629834255 0.7938564767078594 0.8486187845303867 0.7938564767078594
5 0.7613259668508288 0.5555025469767155 0.7988950276243094 0.5555025469767155 0.7988950276243094 0.7209713907570138 0.7613259668508288 0.7209713907570138
