5 0.17569060773480666 0.5101956016559196 0.21657458563535908 0.5101956016559196 0.21657458563535908 0.6874836485633821 0.17569060773480666 0.6874836485633821
5 0.051933701657458566 0.46488865633512366 0.08508287292817678 0.46488865633512366 0.08508287292817678 0.6342972344911433 0.051933701657458566 0.6342972344911433
5 0.0033149171270718232 0.4412502500807953 0.03314917127071824 0.4412502500807953 0.03314917127071824 0.636267101679004 0.0033149171270718232 0.636267101679004
5 0.13370165745856355 0.5003462657166161 0.15248618784530388 0.5003462657166161 0.15248618784530388 0.585050554794626 0.13370165745856355 0.585050554794626
5 0.15359116022099448 0.508225734468059 0.16906077348066298 0.508225734468059 0.16906077348066298 0.5791409532310439 0.15359116022099448 0.5791409532310439
1 0.2298342541436464 0.5062558672801982 0.2718232044198895 0.5062558672801982 0.2718232044198895 0.6323273673032827 0.2298342541436464 0.6323273673032827
7 0.28729281767955794 0.5495929454131334 0.485082872928177 0.5495929454131334 0.485082872928177 0.8608319610951227 0.28729281767955794 0.8608319610951227
7 0.2828729281767956 0.5200449375952231 0.32596685082872934 0.5200449375952231 0.32596685082872934 0.6185382969882578 0.2828729281767956 0.6185382969882578
7 0.5933701657458563 0.5476230782252728 0.6707182320441989 0.5476230782252728 0.6707182320441989 0.6283876329275613 0.5933701657458563 0.6283876329275613
7 0.7734806629834253 0.6008094922975119 0.9425414364640886 0.6008094922975119 0.9425414364640886 0.7406700626356214 0.7734806629834253 0.7406700626356214
3 0.7502762430939227 0.53974360947383 0.850828729281768 0.53974360947383 0.850828729281768 0.6855137813755213 0.7502762430939227 0.6855137813755213
8 0.4740331491712707 0.508225734468059 0.5624309392265193 0.508225734468059 0.5624309392265193 0.6086889610489543 0.4740331491712707 0.6086889610489543
