8 0.004419889502762431 0.23835392973114394 0.2729281767955801 0.23835392973114394 0.2729281767955801 0.7741578048292526 0.004419889502762431 0.7741578048292526
3 0.2640883977900554 0.5239846719709444 0.33370165745856356 0.5239846719709444 0.33370165745856356 0.6815740469998 0.2640883977900554 0.6815740469998
3 0.5933701657458563 0.5712614844796011 0.7911602209944751 0.5712614844796011 0.7911602209944751 0.7840071407685562 0.5933701657458563 0.7840071407685562
7 0.597790055248619 0.7170316563812925 0.9999999999999997 0.7170316563812925 0.9999999999999997 0.9321411472841226 0.597790055248619 0.9321411472841226
7 0.44088397790055256 0.5555025469767155 0.5215469613259669 0.5555025469767155 0.5215469613259669 0.7012727188784069 0.44088397790055256 0.7012727188784069
5 0.34033149171270716 0.5200449375952231 0.36795580110497245 0.5200449375952231 0.36795580110497245 0.636267101679004 0.34033149171270716 0.636267101679004
3 0.3701657458563536 0.5121654688437803 0.4011049723756906 0.5121654688437803 0.4011049723756906 0.5988396251096508 0.3701657458563536 0.5988396251096508
5 0.4232044198895027 0.5338340079102479 0.44088397790055256 0.5338340079102479 0.44088397790055256 0.6126286954246757 0.4232044198895027 0.6126286954246757
5 0.405524861878453 0.5259545391588052 0.4198895027624309 0.5259545391588052 0.4198895027624309 0.6027793594853722 0.405524861878453 0.6027793594853722
7 0.7933701657458563 0.5889902891703473 0.9392265193370166 0.5889902891703473 0.9392265193370166 0.7249111251327353 0.7933701657458563 0.7249111251327353
3 0.5049723756906077 0.53974360947383 0.5337016574585636 0.53974360947383 0.5337016574585636 0.616568429800397 0.5049723756906077 0.616568429800397
