5 0.7889502762430939 0.6008094922975115 0.8497237569060774 0.6008094922975115 0.8497237569060774 0.9199279767309437 0.7889502762430939 0.9199279767309437
9 0.701657458563536 0.5771710860431832 0.8165745856353592 0.5771710860431832 0.8165745856353592 0.7288508595084565 0.701657458563536 0.7288508595084565
9 0.5712707182320442 0.5752012188553225 0.630939226519337 0.5752012188553225 0.630939226519337 0.7052124532541284 0.5712707182320442 0.7052124532541284
7 0.44088397790055256 0.5988396251096506 0.5558011049723758 0.5988396251096506 0.5558011049723758 0.7800674063928342 0.44088397790055256 0.7800674063928342
7 0.4243093922651934 0.5673217501038798 0.47624309392265196 0.5673217501038798 0.47624309392265196 0.6796041798119393 0.4243093922651934 0.6796041798119393
7 0.5171270718232044 0.5732313516674618 0.552486187845304 0.5732313516674618 0.552486187845304 0.6283876329275612 0.5171270718232044 0.6283876329275612
7 0.23646408839779007 0.5633820157281584 0.32154696132596683 0.5633820157281584 0.32154696132596683 0.6441465704304467 0.23646408839779007 0.6441465704304467
7 0.3580110497237569 0.5692916172917404 0.3977900552486188 0.5692916172917404 0.3977900552486188 0.6283876329275613 0.3580110497237569 0.6283876329275613
3 0.0033149171270718232 0.5003462657166161 0.2729281767955801 0.5003462657166161 0.2729281767955801 0.9199279767309437 0.0033149171270718232 0.9199279767309437
7 0.9314917127071822 0.6264177657397005 1.0 0.6264177657397005 1.0 0.7666723035038243 0.9314917127071822 0.7666723035038243
5 0.6375690607734806 0.5732313516674618 0.656353591160221 0.5732313516674618 0.656353591160221 0.6303575001154219 0.6375690607734806 0.6303575001154219
5 0.6828729281767956 0.5732313516674618 0.6983425414364641 0.5732313516674618 0.6983425414364641 0.6559657735576108 0.6828729281767956 0.6559657735576108
5 0.7027624309392266 0.5692916172917404 0.7160220994475137 0.5692916172917404 0.7160220994475137 0.6402068360547254 0.7027624309392266 0.6402068360547254
