3 0.0 0.5436833438495514 0.18784530386740333 0.5436833438495514 0.18784530386740333 0.8312839532772126 0.0 0.8312839532772126
7 0.2950276243093923 0.5338340079102479 0.36353591160221 0.5338340079102479 0.36353591160221 0.636267101679004 0.2950276243093923 0.636267101679004
7 0.41104972375690607 0.545653211037412 0.47955801104972373 0.545653211037412 0.47955801104972373 0.661875375121193 0.41104972375690607 0.661875375121193
6 0.2121546961325967 0.5220148047830838 0.26519337016574585 0.5220148047830838 0.26519337016574585 0.5929300235460687 0.2121546961325967 0.5929300235460687
6 0.18453038674033148 0.5180750704073623 0.2176795580110497 0.5180750704073623 0.2176795580110497 0.6027793594853722 0.18453038674033148 0.6027793594853722
6 0.49502762430939223 0.5121654688437803 0.538121546961326 0.5121654688437803 0.538121546961326 0.5752012188553225 0.49502762430939223 0.5752012188553225
7 0.7977900552486187 0.5220148047830838 0.8817679558011051 0.5220148047830838 0.8817679558011051 0.6205081641761184 0.7977900552486187 0.6205081641761184
4 0.8872928176795579 0.5318641407223872 0.969060773480663 0.5318641407223872 0.969060773480663 0.713091922005571 0.8872928176795579 0.713091922005571
7 0.580110497237569 0.5259545391588052 0.6276243093922651 0.5259545391588052 0.6276243093922651 0.6008094922975115 0.580110497237569 0.6008094922975115
3 0.5513812154696133 0.5239846719709444 0.5779005524861878 0.5239846719709444 0.5779005524861878 0.5712614844796011 0.5513812154696133 0.5712614844796011
3 0.6607734806629835 0.5259545391588052 0.7193370165745856 0.5259545391588052 0.7193370165745856 0.5948998907339295 0.6607734806629835 0.5948998907339295
3 0.6132596685082873 0.5161052032195017 0.6519337016574587 0.5161052032195017 0.6519337016574587 0.5692916172917404 0.6132596685082873 0.5692916172917404
