3 0.22430939226519336 0.523984671970944 0.3944751381215469 0.523984671970944 0.3944751381215469 0.7682482032656698 0.22430939226519336 0.7682482032656698
7 0.004419889502762431 0.5377737422859693 0.07845303867403317 0.5377737422859693 0.07845303867403317 0.6500561719940289 0.004419889502762431 0.6500561719940289
6 0.12265193370165743 0.5220148047830838 0.1900552486187845 0.5220148047830838 0.1900552486187845 0.6185382969882578 0.12265193370165743 0.6185382969882578
3 0.4232044198895027 0.53974360947383 0.4585635359116022 0.53974360947383 0.4585635359116022 0.6086889610489543 0.4232044198895027 0.6086889610489543
7 0.5193370165745856 0.5614121485402976 0.5613259668508286 0.5614121485402976 0.5613259668508286 0.636267101679004 0.5193370165745856 0.636267101679004
5 0.4972375690607735 0.5555025469767155 0.5171270718232044 0.5555025469767155 0.5171270718232044 0.6520260391818896 0.4972375690607735 0.6520260391818896
5 0.5977900552486188 0.5712614844796011 0.6187845303867403 0.5712614844796011 0.6187845303867403 0.6973329845026855 0.5977900552486188 0.6973329845026855
5 0.6817679558011049 0.545653211037412 0.7127071823204418 0.545653211037412 0.7127071823204418 0.7032425860662677 0.6817679558011049 0.7032425860662677
5 0.7171270718232045 0.5535326797888549 0.7403314917127072 0.5535326797888549 0.7403314917127072 0.6658151094969144 0.7171270718232045 0.6658151094969144
5 0.5701657458563536 0.5535326797888549 0.5900552486187846 0.5535326797888549 0.5900552486187846 0.616568429800397 0.5701657458563536 0.616568429800397
