3 0.48950276243093915 0.5771710860431831 0.6176795580110499 0.5771710860431831 0.6176795580110499 0.8174948829621875 0.48950276243093915 0.8174948829621875
7 0.7911602209944752 0.5988396251096508 0.9082872928176796 0.5988396251096508 0.9082872928176796 0.7249111251327353 0.7911602209944752 0.7249111251327353
7 0.16795580110497232 0.6264177657396994 0.34696132596685086 0.6264177657396994 0.34696132596685086 0.7643084688899482 0.16795580110497232 0.7643084688899482
7 0.3370165745856354 0.6027793594853722 0.42872928176795577 0.6027793594853722 0.42872928176795577 0.6815740469997998 0.3370165745856354 0.6815740469997998
7 0.0 0.6736945782483572 0.11823204419889503 0.6736945782483572 0.11823204419889503 0.8234044845257699 0.0 0.8234044845257699
3 0.13922651933701657 0.5633820157281584 0.2740331491712707 0.5633820157281584 0.2740331491712707 0.6579356407454716 0.13922651933701657 0.6579356407454716
5 0.4375690607734807 0.5633820157281584 0.46408839779005523 0.5633820157281584 0.46408839779005523 0.6658151094969144 0.4375690607734807 0.6658151094969144
1 0.6795580110497238 0.5791409532310439 0.703867403314917 0.5791409532310439 0.703867403314917 0.6815740469998001 0.6795580110497238 0.6815740469998001
5 0.8552486187845304 0.5633820157281584 0.8950276243093922 0.5633820157281584 0.8950276243093922 0.778097539204974 0.8552486187845304 0.778097539204974
2 0.6662983425414365 0.5318641407223872 0.7745856353591162 0.5318641407223872 0.7745856353591162 0.6539959063697502 0.6662983425414365 0.6539959063697502
7 0.6265193370165746 0.5811108204189046 0.6629834254143646 0.5811108204189046 0.6629834254143646 0.6441465704304468 0.6265193370165746 0.6441465704304468
5 0.9005524861878452 0.5574724141645763 0.9281767955801105 0.5574724141645763 0.9281767955801105 0.6539959063697502 0.9005524861878452 0.6539959063697502
5 0.7823204419889502 0.5752012188553225 0.8033149171270718 0.5752012188553225 0.8033149171270718 0.6559657735576109 0.7823204419889502 0.6559657735576109
3 0.9292817679558013 0.6224780313639792 1.0000000000000002 0.6224780313639792 1.0000000000000002 0.910472608217655 0.9292817679558013 0.910472608217655
