5 0.7425414364640885 0.5220148047830838 0.7867403314917129 0.5220148047830838 0.7867403314917129 0.7150617891934317 0.7425414364640885 0.7150617891934317
5 0.5845303867403315 0.5239846719709444 0.6209944751381216 0.5239846719709444 0.6209944751381216 0.7071823204419888 0.5845303867403315 0.7071823204419888
5 0.5248618784530387 0.5318641407223872 0.5513812154696133 0.5318641407223872 0.5513812154696133 0.6815740469998 0.5248618784530387 0.6815740469998
1 0.44530386740331485 0.5338340079102479 0.4806629834254144 0.5338340079102479 0.4806629834254144 0.6815740469998001 0.44530386740331485 0.6815740469998001
1 0.4917127071823205 0.53974360947383 0.518232044198895 0.53974360947383 0.518232044198895 0.636267101679004 0.4917127071823205 0.636267101679004
7 0.2740331491712707 0.5535326797888549 0.3414364640883978 0.5535326797888549 0.3414364640883978 0.6658151094969144 0.2740331491712707 0.6658151094969144
7 0.0994475138121547 0.5948998907339291 0.24640883977900546 0.5948998907339291 0.24640883977900546 0.7387001954477597 0.0994475138121547 0.7387001954477597
7 0.005524861878453038 0.53974360947383 0.0883977900552486 0.53974360947383 0.0883977900552486 0.6323273673032827 0.005524861878453038 0.6323273673032827
9 0.36464088397790057 0.545653211037412 0.43646408839779005 0.545653211037412 0.43646408839779005 0.7190015235691531 0.36464088397790057 0.7190015235691531
3 0.3259668508287293 0.5436833438495514 0.3591160220994475 0.5436833438495514 0.3591160220994475 0.5870204219824866 0.3259668508287293 0.5870204219824866
3 0.12044198895027625 0.5101956016559196 0.21657458563535908 0.5101956016559196 0.21657458563535908 0.6027793594853722 0.12044198895027625 0.6027793594853722
