3 0.32928176795580105 0.4294310469536312 0.430939226519337 0.4294310469536312 0.430939226519337 0.6283876329275613 0.32928176795580105 0.6283876329275613
3 0.7259668508287292 0.494436664153034 0.8917127071823199 0.494436664153034 0.8917127071823199 0.7859770079564165 0.7259668508287292 0.7859770079564165
1 0.5569060773480663 0.5200449375952231 0.7171270718232045 0.5200449375952231 0.7171270718232045 0.8884101017251728 0.5569060773480663 0.8884101017251728
5 0.7546961325966851 0.6303575001154219 0.8320441988950279 0.6303575001154219 0.8320441988950279 0.9140183751673618 0.7546961325966851 0.9140183751673618
1 0.9359116022099446 0.5200449375952231 0.9801104972375689 0.5200449375952231 0.9801104972375689 0.7347604610720386 0.9359116022099446 0.7347604610720386
5 0.5911602209944752 0.47079825789870566 0.6044198895027624 0.47079825789870566 0.6044198895027624 0.53974360947383 0.5911602209944752 0.53974360947383
5 0.6154696132596685 0.4767078594622879 0.6265193370165745 0.4767078594622879 0.6265193370165745 0.5574724141645763 0.6154696132596685 0.5574724141645763
5 0.6287292817679558 0.47079825789870566 0.6408839779005525 0.47079825789870566 0.6408839779005525 0.5279244063466658 0.6287292817679558 0.5279244063466658
5 0.6497237569060773 0.46882839071084503 0.6718232044198895 0.46882839071084503 0.6718232044198895 0.5633820157281584 0.6497237569060773 0.5633820157281584
9 0.4320441988950276 0.4412502500807953 0.46740331491712717 0.4412502500807953 0.46740331491712717 0.5003462657166161 0.4320441988950276 0.5003462657166161
4 0.21988950276243094 0.43140091414149184 0.24198895027624306 0.43140091414149184 0.24198895027624306 0.4826174610258699 0.21988950276243094 0.4826174610258699
7 0.0574585635359116 0.4215515782021884 0.13812154696132595 0.4215515782021884 0.13812154696132595 0.4944366641530341 0.0574585635359116 0.4944366641530341
7 0.14033149171270717 0.4294310469536312 0.18563535911602214 0.4294310469536312 0.18563535911602214 0.49246679696517337 0.14033149171270717 0.49246679696517337
3 0.0033149171270718232 0.3880638360085566 0.0585635359116022 0.3880638360085566 0.0585635359116022 0.5161052032195017 0.0033149171270718232 0.5161052032195017
