9 0.6011049723756906 0.5791409532310439 0.6629834254143645 0.5791409532310439 0.6629834254143645 0.7052124532541284 0.6011049723756906 0.7052124532541284
3 0.4541436464088397 0.53974360947383 0.5116022099447514 0.53974360947383 0.5116022099447514 0.6756644454362178 0.4541436464088397 0.6756644454362178
9 0.9193370165745856 0.6283876329275612 0.9999999999999998 0.6283876329275612 0.9999999999999998 0.890773936339048 0.9193370165745856 0.890773936339048
7 0.004419889502762431 0.5298942735345266 0.17790055248618783 0.5298942735345266 0.17790055248618783 0.6579356407454717 0.004419889502762431 0.6579356407454717
5 0.22872928176795576 0.5239846719709444 0.25524861878453037 0.5239846719709444 0.25524861878453037 0.5830806876067652 0.22872928176795576 0.5830806876067652
5 0.8088397790055248 0.585050554794626 0.8331491712707182 0.585050554794626 0.8331491712707182 0.7091521876298497 0.8088397790055248 0.7091521876298497
4 0.7359116022099448 0.5929300235460687 0.7889502762430939 0.5929300235460687 0.7889502762430939 0.6579356407454716 0.7359116022099448 0.6579356407454716
4 0.7944751381215469 0.6106588282368149 0.8541436464088397 0.6106588282368149 0.8541436464088397 0.6855137813755213 0.7944751381215469 0.6855137813755213
5 0.883977900552486 0.5673217501038798 0.9093922651933699 0.5673217501038798 0.9093922651933699 0.6658151094969144 0.883977900552486 0.6658151094969144
7 0.5767955801104973 0.5712614844796011 0.6143646408839778 0.5712614844796011 0.6143646408839778 0.6106588282368149 0.5767955801104973 0.6106588282368149
