1 0.15248618784530388 0.5220148047830838 0.22430939226519336 0.5220148047830838 0.22430939226519336 0.8450730235922373 0.15248618784530388 0.8450730235922373
5 0.07845303867403315 0.48655719540159126 0.112707182320442 0.48655719540159126 0.112707182320442 0.6599055079333324 0.07845303867403315 0.6599055079333324
7 0.4022099447513813 0.6658151094969144 0.9624309392265193 0.6658151094969144 0.9624309392265193 0.9337170470459688 0.4022099447513813 0.9337170470459688
3 0.5392265193370166 0.5870204219824866 0.7325966850828729 0.5870204219824866 0.7325966850828729 0.7150617891934317 0.5392265193370166 0.7150617891934317
7 0.45635359116022106 0.5712614844796011 0.5337016574585636 0.5712614844796011 0.5337016574585636 0.6874836485633821 0.45635359116022106 0.6874836485633821
7 0.3491712707182321 0.5752012188553225 0.4364640883977901 0.5752012188553225 0.4364640883977901 0.6894535157512427 0.3491712707182321 0.6894535157512427
3 0.3259668508287293 0.5476230782252728 0.3767955801104972 0.5476230782252728 0.3767955801104972 0.6323273673032827 0.3259668508287293 0.6323273673032827
4 0.3005524861878453 0.5555025469767155 0.3259668508287293 0.5555025469767155 0.3259668508287293 0.6106588282368149 0.3005524861878453 0.6106588282368149
3 0.7071823204419888 0.5692916172917404 0.8287292817679559 0.5692916172917404 0.8287292817679559 0.6933932501269641 0.7071823204419888 0.6933932501269641
7 0.8453038674033151 0.6126286954246757 0.9988950276243095 0.6126286954246757 0.9988950276243095 0.7406700626356207 0.8453038674033151 0.7406700626356207
