6 0.0037583752093802354 0.542713567839196 0.15315378978224453 0.542713567839196 0.15315378978224453 0.8927973199329984 0.0037583752093802354 0.8927973199329984
3 0.12557733440853386 0.6897271499273303 0.39148238047218564 0.6897271499273303 0.39148238047218564 0.9225579706978495 0.12557733440853386 0.9225579706978495
3 0.3449101059362074 0.6312555249467215 0.4369902985660234 0.6312555249467215 0.4369902985660234 0.8004347544274598 0.3449101059362074 0.8004347544274598
9 0.214355508880873 0.6215207725467154 0.30293593899821925 0.6215207725467154 0.30293593899821925 0.6931523066507406 0.214355508880873 0.6931523066507406
3 0.15499748869914617 0.61989278313526 0.2116159079494087 0.61989278313526 0.2116159079494087 0.6898963278278302 0.15499748869914617 0.6898963278278302
3 0.30476233961919535 0.6133808254894393 0.34585635359116074 0.6133808254894393 0.34585635359116074 0.6882683384163747 0.30476233961919535 0.6882683384163747
3 0.41982557874069676 0.6215207725467154 0.4636591936441258 0.6215207725467154 0.4636591936441258 0.741991988994394 0.41982557874069676 0.741991988994394
2 0.3540751563855531 0.5580291854999658 0.41982557874069687 0.5580291854999658 0.41982557874069687 0.6231487619581705 0.3540751563855531 0.6231487619581705
4 0.48397790055248613 0.6500561719940289 0.5171270718232044 0.6500561719940289 0.5171270718232044 0.8194647501500485 0.48397790055248613 0.8194647501500485
5 0.6088397790055249 0.6264177657397005 0.6397790055248619 0.6264177657397005 0.6397790055248619 0.7997660782714415 0.6088397790055249 0.7997660782714415
5 0.5558011049723757 0.6205081641761184 0.5779005524861878 0.6205081641761184 0.5779005524861878 0.7387001954477599 0.5558011049723757 0.7387001954477599
5 0.6662983425414365 0.6342972344911433 0.7270718232044199 0.6342972344911433 0.7270718232044199 0.9258375782945258 0.6662983425414365 0.9258375782945258
