1 0.44530386740331485 0.5239846719709444 0.4917127071823204 0.5239846719709444 0.4917127071823204 0.713091922005571 0.44530386740331485 0.713091922005571
4 0.4033149171270719 0.5200449375952225 0.5248618784530389 0.5200449375952225 0.5248618784530389 0.6815740469997993 0.4033149171270719 0.6815740469997993
4 0.5801104972375689 0.5555025469767154 0.6486187845303869 0.5555025469767154 0.6486187845303869 0.6776343126240785 0.5801104972375689 0.6776343126240785
3 0.15248618784530388 0.5279244063466658 0.2861878453038674 0.5279244063466658 0.2861878453038674 0.6342972344911433 0.15248618784530388 0.6342972344911433
3 0.0033149171270718232 0.5338340079102479 0.1580110497237569 0.5338340079102479 0.1580110497237569 0.6579356407454717 0.0033149171270718232 0.6579356407454717
3 0.3116022099447514 0.4924667969651734 0.3856353591160221 0.4924667969651734 0.3856353591160221 0.6421767032425861 0.3116022099447514 0.6421767032425861
3 0.2662983425414365 0.508225734468059 0.30386740331491713 0.508225734468059 0.30386740331491713 0.5673217501038798 0.2662983425414365 0.5673217501038798
3 0.2386740331491713 0.5003462657166161 0.26850828729281767 0.5003462657166161 0.26850828729281767 0.5555025469767155 0.2386740331491713 0.5555025469767155
7 0.10939226519337017 0.5161052032195017 0.16574585635359113 0.5161052032195017 0.16574585635359113 0.5712614844796011 0.10939226519337017 0.5712614844796011
3 0.5082872928176795 0.53974360947383 0.6320441988950273 0.53974360947383 0.6320441988950273 0.6402068360547254 0.5082872928176795 0.6402068360547254
7 0.6651933701657455 0.5752012188553217 0.7668508287292817 0.5752012188553217 0.7668508287292817 0.6599055079333314 0.6651933701657455 0.6599055079333314
