9 0.2718232044198895 0.5535326797888549 0.3889502762430939 0.5535326797888549 0.3889502762430939 0.8746210314101479 0.2718232044198895 0.8746210314101479
9 0.21988950276243094 0.5417134766616907 0.2939226519337016 0.5417134766616907 0.2939226519337016 0.7367303282598995 0.21988950276243094 0.7367303282598995
7 0.18453038674033148 0.5535326797888549 0.23756906077348067 0.5535326797888549 0.23756906077348067 0.6402068360547254 0.18453038674033148 0.6402068360547254
7 0.11602209944751381 0.5436833438495514 0.17569060773480666 0.5436833438495514 0.17569060773480666 0.6402068360547254 0.11602209944751381 0.6402068360547254
3 0.0011049723756906078 0.5929300235460687 0.14033149171270717 0.5929300235460687 0.14033149171270717 0.9041690392280582 0.0011049723756906078 0.9041690392280582
3 0.0033149171270718232 0.5279244063466658 0.0972375690607735 0.5279244063466658 0.0972375690607735 0.6303575001154219 0.0033149171270718232 0.6303575001154219
5 0.7171270718232045 0.5614121485402976 0.7469613259668508 0.5614121485402976 0.7469613259668508 0.6579356407454717 0.7171270718232045 0.6579356407454717
5 0.4861878453038674 0.5279244063466658 0.5281767955801107 0.5279244063466658 0.5281767955801107 0.6559657735576109 0.4861878453038674 0.6559657735576109
5 0.4585635359116022 0.5239846719709444 0.492817679558011 0.5239846719709444 0.492817679558011 0.6618753751211929 0.4585635359116022 0.6618753751211929
5 0.430939226519337 0.53974360947383 0.4541436464088397 0.53974360947383 0.4541436464088397 0.636267101679004 0.430939226519337 0.636267101679004
5 0.4165745856353591 0.545653211037412 0.42872928176795577 0.545653211037412 0.42872928176795577 0.636267101679004 0.4165745856353591 0.636267101679004
5 0.4011049723756905 0.5377737422859693 0.41767955801104967 0.5377737422859693 0.41767955801104967 0.6421767032425861 0.4011049723756905 0.6421767032425861
5 0.39226519337016574 0.5633820157281584 0.4011049723756906 0.5633820157281584 0.4011049723756906 0.6244478985518398 0.39226519337016574 0.6244478985518398
7 0.4685082872928178 0.6677849766847755 0.9900552486187848 0.6677849766847755 0.9900552486187848 0.9238677111066655 0.4685082872928178 0.9238677111066655
7 0.8320441988950279 0.5633820157281582 0.9082872928176797 0.5633820157281582 0.9082872928176797 0.665815109496914 0.8320441988950279 0.665815109496914
5 0.9160220994475138 0.5633820157281584 0.9591160220994475 0.5633820157281584 0.9591160220994475 0.7367303282598993 0.9160220994475138 0.7367303282598993
