6 0.0033149171270718232 0.36836516412994963 0.4209944751381215 0.36836516412994963 0.4209944751381215 0.917958109543083 0.0033149171270718232 0.917958109543083
3 0.6165745856353592 0.5555025469767154 0.6994475138121552 0.5555025469767154 0.6994475138121552 0.6874836485633821 0.6165745856353592 0.6874836485633821
5 0.4651933701657459 0.5712614844796011 0.48950276243093926 0.5712614844796011 0.48950276243093926 0.6953631173148249 0.4651933701657459 0.6953631173148249
3 0.7779005524861878 0.5712614844796011 0.8408839779005526 0.5712614844796011 0.8408839779005526 0.6697548438726358 0.7779005524861878 0.6697548438726358
7 0.4232044198895027 0.5476230782252728 0.4707182320441988 0.5476230782252728 0.4707182320441988 0.616568429800397 0.4232044198895027 0.616568429800397
7 0.48397790055248613 0.5358038750981087 0.5204419889502762 0.5358038750981087 0.5204419889502762 0.6027793594853722 0.48397790055248613 0.6027793594853722
3 0.5337016574585636 0.5377737422859693 0.5624309392265194 0.5377737422859693 0.5624309392265194 0.5870204219824866 0.5337016574585636 0.5870204219824866
3 0.5734806629834254 0.5574724141645763 0.5911602209944753 0.5574724141645763 0.5911602209944753 0.5870204219824866 0.5734806629834254 0.5870204219824866
3 0.5955801104972376 0.5535326797888549 0.6121546961325965 0.5535326797888549 0.6121546961325965 0.5948998907339295 0.5955801104972376 0.5948998907339295
7 0.7248618784530386 0.5791409532310439 0.7414364640883979 0.5791409532310439 0.7414364640883979 0.6067190938610936 0.7248618784530386 0.6067190938610936
5 0.7613259668508288 0.5692916172917404 0.7723756906077349 0.5692916172917404 0.7723756906077349 0.6126286954246757 0.7613259668508288 0.6126286954246757
5 0.9049723756906077 0.5988396251096508 0.9314917127071822 0.5988396251096508 0.9314917127071822 0.7032425860662677 0.9049723756906077 0.7032425860662677
