9 0.38232044198895027 0.5476230782252728 0.47292817679558014 0.5476230782252728 0.47292817679558014 0.7840071407685562 0.38232044198895027 0.7840071407685562
9 0.22651933701657462 0.5417134766616907 0.2906077348066298 0.5417134766616907 0.2906077348066298 0.7032425860662675 0.22651933701657462 0.7032425860662675
7 0.14917127071823205 0.5594422813524369 0.21878453038674034 0.5594422813524369 0.21878453038674034 0.6677849766847752 0.14917127071823205 0.6677849766847752
7 0.0 0.5712614844796011 0.12265193370165743 0.5712614844796011 0.12265193370165743 0.744609797011342 0.0 0.744609797011342
7 0.19337016574585636 0.545653211037412 0.22983425414364644 0.545653211037412 0.22983425414364644 0.5988396251096508 0.19337016574585636 0.5988396251096508
7 0.32154696132596683 0.5476230782252728 0.41878453038674035 0.5476230782252728 0.41878453038674035 0.6224780313639793 0.32154696132596683 0.6224780313639793
5 0.3546961325966851 0.5318641407223872 0.37348066298342547 0.5318641407223872 0.37348066298342547 0.6342972344911433 0.3546961325966851 0.6342972344911433
4 0.7237569060773481 0.6126286954246757 0.8209944751381215 0.6126286954246757 0.8209944751381215 0.7702180704535311 0.7237569060773481 0.7702180704535311
7 0.5779005524861879 0.5555025469767155 0.6707182320441989 0.5555025469767155 0.6707182320441989 0.6618753751211929 0.5779005524861879 0.6618753751211929
7 0.7767955801104972 0.5752012188553225 0.9723756906077348 0.5752012188553225 0.9723756906077348 0.6933932501269641 0.7767955801104972 0.6933932501269641
