7 0.5767955801104973 0.6520260391818895 0.7535911602209944 0.6520260391818895 0.7535911602209944 0.8056756798350236 0.5767955801104973 0.8056756798350236
7 0.2220994475138122 0.6815740469998 0.5038674033149171 0.6815740469998 0.5038674033149171 0.8529524923436803 0.2220994475138122 0.8529524923436803
7 0.35911602209944754 0.6441465704304467 0.5480662983425415 0.6441465704304467 0.5480662983425415 0.7662783360778097 0.35911602209944754 0.7662783360778097
3 0.0 0.6618753751211929 0.13922651933701657 0.6618753751211929 0.13922651933701657 0.8844703673494514 0.0 0.8844703673494514
3 0.0022099447513812156 0.616568429800397 0.13370165745856352 0.616568429800397 0.13370165745856352 0.7721879376413917 0.0022099447513812156 0.7721879376413917
3 0.9248618784530386 0.6047492266732327 0.9999999999999998 0.6047492266732327 0.9999999999999998 0.8651656628968588 0.9248618784530386 0.8651656628968588
3 0.7414364640883978 0.6402068360547254 0.8508287292817679 0.6402068360547254 0.8508287292817679 0.7406700626356207 0.7414364640883978 0.7406700626356207
7 0.8596685082872927 0.6264177657397005 0.9193370165745856 0.6264177657397005 0.9193370165745856 0.713091922005571 0.8596685082872927 0.713091922005571
3 0.6298342541436464 0.6145985626125363 0.7436464088397792 0.6145985626125363 0.7436464088397792 0.6993028516905461 0.6298342541436464 0.6993028516905461
3 0.4486187845303867 0.6067190938610936 0.5679558011049723 0.6067190938610936 0.5679558011049723 0.6796041798119393 0.4486187845303867 0.6796041798119393
