7 0.3878453038674033 0.5968697579217902 0.5281767955801107 0.5968697579217902 0.5281767955801107 0.8273442189014913 0.3878453038674033 0.8273442189014913
7 0.4121546961325967 0.5752012188553225 0.4696132596685082 0.5752012188553225 0.4696132596685082 0.6421767032425861 0.4121546961325967 0.6421767032425861
7 0.33591160220994476 0.5436833438495514 0.369060773480663 0.5436833438495514 0.369060773480663 0.5889902891703473 0.33591160220994476 0.5889902891703473
7 0.2674033149171271 0.5417134766616907 0.31712707182320443 0.5417134766616907 0.31712707182320443 0.6185382969882578 0.2674033149171271 0.6185382969882578
3 0.18121546961325966 0.514135336031641 0.2850828729281768 0.514135336031641 0.2850828729281768 0.6500561719940289 0.18121546961325966 0.6500561719940289
3 0.0011049723756906078 0.48655719540159126 0.18895027624309393 0.48655719540159126 0.18895027624309393 0.9258375782945258 0.0011049723756906078 0.9258375782945258
3 0.5138121546961326 0.5633820157281584 0.554696132596685 0.5633820157281584 0.554696132596685 0.6283876329275612 0.5138121546961326 0.6283876329275612
9 0.5922651933701657 0.577171086043183 0.6751381215469612 0.577171086043183 0.6751381215469612 0.7583988673263667 0.5922651933701657 0.7583988673263667
4 0.5580110497237569 0.5633820157281584 0.5779005524861879 0.5633820157281584 0.5779005524861879 0.6244478985518398 0.5580110497237569 0.6244478985518398
5 0.802209944751381 0.5752012188553225 0.8475138121546959 0.5752012188553225 0.8475138121546959 0.7209713907570138 0.802209944751381 0.7209713907570138
