7 0.4596685082872928 0.6185382969882578 0.9403314917127069 0.6185382969882578 0.9403314917127069 0.9455362501731328 0.4596685082872928 0.9455362501731328
9 0.22872928176795576 0.5338340079102479 0.3082872928176796 0.5338340079102479 0.3082872928176796 0.7229412579448746 0.22872928176795576 0.7229412579448746
9 0.20773480662983426 0.5279244063466658 0.23756906077348067 0.5279244063466658 0.23756906077348067 0.6539959063697502 0.20773480662983426 0.6539959063697502
7 0.33480662983425413 0.5515628126009942 0.4486187845303867 0.5515628126009942 0.4486187845303867 0.7367303282598993 0.33480662983425413 0.7367303282598993
7 0.3911602209944751 0.5436833438495514 0.4685082872928176 0.5436833438495514 0.4685082872928176 0.6244478985518398 0.3911602209944751 0.6244478985518398
7 0.2972375690607735 0.545653211037412 0.32928176795580116 0.545653211037412 0.32928176795580116 0.6244478985518398 0.2972375690607735 0.6244478985518398
7 0.1767955801104972 0.545653211037412 0.2110497237569061 0.545653211037412 0.2110497237569061 0.616568429800397 0.1767955801104972 0.616568429800397
3 0.12044198895027627 0.5417134766616906 0.1779005524861879 0.5417134766616906 0.1779005524861879 0.6342972344911431 0.12044198895027627 0.6342972344911431
3 0.0033149171270718232 0.5298942735345266 0.10276243093922652 0.5298942735345266 0.10276243093922652 0.713091922005571 0.0033149171270718232 0.713091922005571
5 0.5016574585635359 0.5358038750981087 0.5270718232044199 0.5358038750981087 0.5270718232044199 0.636267101679004 0.5016574585635359 0.636267101679004
5 0.46740331491712717 0.5338340079102479 0.4861878453038675 0.5338340079102479 0.4861878453038675 0.6185382969882578 0.46740331491712717 0.6185382969882578
5 0.35248618784530383 0.5239846719709444 0.3679558011049724 0.5239846719709444 0.3679558011049724 0.5771710860431832 0.35248618784530383 0.5771710860431832
5 0.9458563535911602 0.5456532110374119 0.9999999999999997 0.5456532110374119 0.9999999999999997 0.8198587175760629 0.9458563535911602 0.8198587175760629
5 0.9436464088397789 0.6815740469998 0.9668508287292819 0.6815740469998 0.9668508287292819 0.6855137813755214 0.9436464088397789 0.6855137813755214
