1 0.19116022099447513 0.514135336031641 0.23425414364640887 0.514135336031641 0.23425414364640887 0.7111220548177103 0.19116022099447513 0.7111220548177103
5 0.09723756906077348 0.514135336031641 0.12154696132596685 0.514135336031641 0.12154696132596685 0.6342972344911433 0.09723756906077348 0.6342972344911433
5 0.0718232044198895 0.488527062589452 0.09613259668508287 0.488527062589452 0.09613259668508287 0.636267101679004 0.0718232044198895 0.636267101679004
7 0.3138121546961326 0.5732313516674618 0.4486187845303867 0.5732313516674618 0.4486187845303867 0.8076455470228843 0.3138121546961326 0.8076455470228843
3 0.7325966850828729 0.6973329845026851 0.9999999999999998 0.6973329845026851 0.9999999999999998 0.9124424754055152 0.7325966850828729 0.9124424754055152
3 0.8044198895027626 0.5752012188553225 0.9911602209944752 0.5752012188553225 0.9911602209944752 0.7524892657627849 0.8044198895027626 0.7524892657627849
3 0.543646408839779 0.5358038750981087 0.6209944751381216 0.5358038750981087 0.6209944751381216 0.6224780313639792 0.543646408839779 0.6224780313639792
7 0.5104972375690607 0.5771710860431832 0.5911602209944752 0.5771710860431832 0.5911602209944752 0.6559657735576109 0.5104972375690607 0.6559657735576109
1 0.2585635359116022 0.5318641407223872 0.2773480662983426 0.5318641407223872 0.2773480662983426 0.6027793594853722 0.2585635359116022 0.6027793594853722
1 0.281767955801105 0.5259545391588052 0.30386740331491713 0.5259545391588052 0.30386740331491713 0.5929300235460687 0.281767955801105 0.5929300235460687
5 0.13038674033149172 0.494436664153034 0.15248618784530388 0.494436664153034 0.15248618784530388 0.6421767032425861 0.13038674033149172 0.6421767032425861
5 0.0011049723756906078 0.5220148047830838 0.03093922651933702 0.5220148047830838 0.03093922651933702 0.713091922005571 0.0011049723756906078 0.713091922005571
