3 0.5138121546961326 0.53974360947383 0.6209944751381216 0.53974360947383 0.6209944751381216 0.713091922005571 0.5138121546961326 0.713091922005571
3 0.7790055248618785 0.5259545391588052 0.9845303867403313 0.5259545391588052 0.9845303867403313 0.7229412579448746 0.7790055248618785 0.7229412579448746
7 0.6640883977900551 0.5377737422859693 0.7314917127071822 0.5377737422859693 0.7314917127071822 0.6264177657397005 0.6640883977900551 0.6264177657397005
7 0.2331491712707182 0.5200449375952231 0.41436464088397784 0.5200449375952231 0.41436464088397784 0.6402068360547254 0.2331491712707182 0.6402068360547254
3 0.0022099447513812156 0.5633820157281584 0.06740331491712706 0.5633820157281584 0.06740331491712706 0.8391634220286555 0.0022099447513812156 0.8391634220286555
5 0.18563535911602214 0.4924667969651734 0.24419889502762432 0.4924667969651734 0.24419889502762432 0.7367303282598995 0.18563535911602214 0.7367303282598995
2 0.1270718232044199 0.508225734468059 0.19779005524861878 0.508225734468059 0.19779005524861878 0.6185382969882578 0.1270718232044199 0.6185382969882578
5 0.056353591160221 0.5042860000923375 0.1027624309392265 0.5042860000923375 0.1027624309392265 0.6736945782483572 0.056353591160221 0.6736945782483572
5 0.41436464088397795 0.5121654688437803 0.44530386740331485 0.5121654688437803 0.44530386740331485 0.6579356407454716 0.41436464088397795 0.6579356407454716
5 0.45303867403314924 0.5003462657166161 0.47182320441988956 0.5003462657166161 0.47182320441988956 0.5909601563582081 0.45303867403314924 0.5909601563582081
2 0.4740331491712707 0.5062558672801982 0.4917127071823205 0.5062558672801982 0.4917127071823205 0.6086889610489543 0.4740331491712707 0.6086889610489543
7 0.6640883977900551 0.5298942735345266 0.7248618784530385 0.5298942735345266 0.7248618784530385 0.6185382969882578 0.6640883977900551 0.6185382969882578
2 0.41767955801104967 0.4550393203958202 0.4596685082872928 0.4550393203958202 0.4596685082872928 0.5436833438495514 0.41767955801104967 0.5436833438495514
6 0.33038674033149174 0.4826174610258699 0.394475138121547 0.4826174610258699 0.394475138121547 0.5515628126009942 0.33038674033149174 0.5515628126009942
