3 0.49834254143646406 0.5161052032195017 0.5668508287292816 0.5161052032195017 0.5668508287292816 0.6599055079333324 0.49834254143646406 0.6599055079333324
3 0.6662983425414365 0.53974360947383 0.7469613259668508 0.53974360947383 0.7469613259668508 0.6579356407454716 0.6662983425414365 0.6579356407454716
7 0.6397790055248619 0.5436833438495514 0.67292817679558 0.5436833438495514 0.67292817679558 0.6303575001154219 0.6397790055248619 0.6303575001154219
9 0.5867403314917127 0.5417134766616907 0.630939226519337 0.5417134766616907 0.630939226519337 0.6086889610489543 0.5867403314917127 0.6086889610489543
3 0.0 0.508225734468059 0.21325966850828731 0.508225734468059 0.21325966850828731 0.6717247110604965 0.0 0.6717247110604965
3 0.10497237569060776 0.48064759383800915 0.18563535911602216 0.48064759383800915 0.18563535911602216 0.5594422813524369 0.10497237569060776 0.5594422813524369
7 0.2044198895027624 0.4806475938380091 0.25193370165745854 0.4806475938380091 0.25193370165745854 0.5633820157281583 0.2044198895027624 0.5633820157281583
4 0.256353591160221 0.5003462657166161 0.29944751381215473 0.5003462657166161 0.29944751381215473 0.6264177657397005 0.256353591160221 0.6264177657397005
5 0.7701657458563536 0.5633820157281584 0.8022099447513812 0.5633820157281584 0.8022099447513812 0.7032425860662675 0.7701657458563536 0.7032425860662675
5 0.7359116022099448 0.5555025469767155 0.7591160220994475 0.5555025469767155 0.7591160220994475 0.7288508595084567 0.7359116022099448 0.7288508595084567
