5 0.4386740331491713 0.5397436094738297 0.4850828729281768 0.5397436094738297 0.4850828729281768 0.7603687345142273 0.4386740331491713 0.7603687345142273
5 0.3027624309392265 0.5417134766616907 0.3270718232044199 0.5417134766616907 0.3270718232044199 0.6677849766847751 0.3027624309392265 0.6677849766847751
5 0.33259668508287293 0.5535326797888549 0.3580110497237569 0.5535326797888549 0.3580110497237569 0.6736945782483572 0.33259668508287293 0.6736945782483572
5 0.5569060773480663 0.5791409532310439 0.594475138121547 0.5791409532310439 0.594475138121547 0.8509826251558196 0.5569060773480663 0.8509826251558196
5 0.5867403314917127 0.5673217501038798 0.6254143646408841 0.5673217501038798 0.6254143646408841 0.8391634220286556 0.5867403314917127 0.8391634220286556
5 0.6353591160220995 0.5771710860431832 0.6806629834254143 0.5771710860431832 0.6806629834254143 0.8391634220286555 0.6353591160220995 0.8391634220286555
5 0.6983425414364642 0.5929300235460687 0.7546961325966851 0.5929300235460687 0.7546961325966851 0.8509826251558195 0.6983425414364642 0.8509826251558195
5 0.9093922651933701 0.5673217501038798 0.9502762430939227 0.5673217501038798 0.9502762430939227 0.7958263438957202 0.9093922651933701 0.7958263438957202
9 0.17458563535911606 0.5692916172917404 0.2729281767955801 0.5692916172917404 0.2729281767955801 0.8509826251558195 0.17458563535911606 0.8509826251558195
9 0.16685082872928178 0.5476230782252728 0.21657458563535914 0.5476230782252728 0.21657458563535914 0.6658151094969144 0.16685082872928178 0.6658151094969144
3 0.0022099447513812156 0.5692916172917404 0.10939226519337017 0.5692916172917404 0.10939226519337017 0.789916742332138 0.0022099447513812156 0.789916742332138
7 0.10718232044198897 0.5515628126009942 0.15248618784530388 0.5515628126009942 0.15248618784530388 0.6244478985518398 0.10718232044198897 0.6244478985518398
7 0.15138121546961325 0.5318641407223872 0.16795580110497238 0.5318641407223872 0.16795580110497238 0.5948998907339295 0.15138121546961325 0.5948998907339295
