9 0.4850828729281769 0.5220148047830838 0.650828729281768 0.5220148047830838 0.650828729281768 0.8706812970344264 0.4850828729281769 0.8706812970344264
5 0.8386740331491712 0.5377737422859693 0.878453038674033 0.5377737422859693 0.878453038674033 0.8884101017251728 0.8386740331491712 0.8884101017251728
7 0.8607734806629834 0.6894535157512426 0.977900552486188 0.6894535157512426 0.977900552486188 0.8549223595315409 0.8607734806629834 0.8549223595315409
7 0.13591160220994478 0.5476230782252723 0.3337016574585636 0.5476230782252723 0.3337016574585636 0.7840071407685557 0.13591160220994478 0.7840071407685557
7 0.37348066298342547 0.5279244063466658 0.45303867403314924 0.5279244063466658 0.45303867403314924 0.6736945782483572 0.37348066298342547 0.6736945782483572
7 0.14475138121546965 0.5003462657166163 0.23314917127071824 0.5003462657166163 0.23314917127071824 0.5948998907339297 0.14475138121546965 0.5948998907339297
7 0.09723756906077348 0.5003462657166161 0.15027624309392268 0.5003462657166161 0.15027624309392268 0.5752012188553225 0.09723756906077348 0.5752012188553225
7 0.225414364640884 0.494436664153034 0.2674033149171271 0.494436664153034 0.2674033149171271 0.5633820157281584 0.225414364640884 0.5633820157281584
7 0.2640883977900553 0.508225734468059 0.29613259668508285 0.508225734468059 0.29613259668508285 0.5555025469767155 0.2640883977900553 0.5555025469767155
3 0.7281767955801105 0.5239846719709444 0.8099447513812155 0.5239846719709444 0.8099447513812155 0.6244478985518398 0.7281767955801105 0.6244478985518398
3 0.6740331491712708 0.49049692977731274 0.7502762430939226 0.49049692977731274 0.7502762430939226 0.5948998907339295 0.6740331491712708 0.5948998907339295
