7 0.512707182320442 0.5830806876067652 0.6596685082872928 0.5830806876067652 0.6596685082872928 0.7780975392049738 0.512707182320442 0.7780975392049738
5 0.09723756906077348 0.48655719540159126 0.12817679558011047 0.48655719540159126 0.12817679558011047 0.6658151094969144 0.09723756906077348 0.6658151094969144
5 0.12375690607734806 0.48655719540159126 0.15359116022099445 0.48655719540159126 0.15359116022099445 0.6658151094969144 0.12375690607734806 0.6658151094969144
5 0.2983425414364639 0.5358038750981087 0.3281767955801103 0.5358038750981087 0.3281767955801103 0.6303575001154219 0.2983425414364639 0.6303575001154219
1 0.22651933701657462 0.5161052032195017 0.28950276243093925 0.5161052032195017 0.28950276243093925 0.6638452423090537 0.22651933701657462 0.6638452423090537
3 0.6629834254143645 0.545653211037412 0.7491712707182321 0.545653211037412 0.7491712707182321 0.6697548438726358 0.6629834254143645 0.6697548438726358
7 0.8044198895027626 0.565351882916019 0.9314917127071825 0.565351882916019 0.9314917127071825 0.7052124532541284 0.8044198895027626 0.7052124532541284
7 0.4276243093922652 0.5495929454131335 0.4696132596685083 0.5495929454131335 0.4696132596685083 0.6382369688668647 0.4276243093922652 0.6382369688668647
7 0.47513812154696133 0.5358038750981087 0.49392265193370166 0.5358038750981087 0.49392265193370166 0.5791409532310439 0.47513812154696133 0.5791409532310439
3 0.5027624309392266 0.545653211037412 0.5591160220994476 0.545653211037412 0.5591160220994476 0.6283876329275613 0.5027624309392266 0.6283876329275613
6 0.36574585635359114 0.49837639852875537 0.4088397790055248 0.49837639852875537 0.4088397790055248 0.5889902891703473 0.36574585635359114 0.5889902891703473
5 0.3237569060773481 0.5180750704073623 0.3425414364640884 0.5180750704073623 0.3425414364640884 0.585050554794626 0.3237569060773481 0.585050554794626
5 0.3447513812154696 0.5200449375952231 0.3558011049723757 0.5200449375952231 0.3558011049723757 0.5811108204189047 0.3447513812154696 0.5811108204189047
5 0.26519337016574585 0.5003462657166161 0.287292817679558 0.5003462657166161 0.287292817679558 0.5614121485402976 0.26519337016574585 0.5614121485402976
4 0.1712707182320442 0.5161052032195017 0.23204419889502761 0.5161052032195017 0.23204419889502761 0.6185382969882578 0.1712707182320442 0.6185382969882578
9 0.0 0.4845873282137305 0.06298342541436464 0.4845873282137305 0.06298342541436464 0.7879468751442773 0.0 0.7879468751442773
