2 0.0066298342541436465 0.24032379691900457 0.2596685082872928 0.24032379691900457 0.2596685082872928 0.6303575001154219 0.0066298342541436465 0.6303575001154219
2 0.26298342541436465 0.40973237507502425 0.3436464088397789 0.40973237507502425 0.3436464088397789 0.590960156358208 0.26298342541436465 0.590960156358208
3 0.3491712707182321 0.53974360947383 0.41436464088397795 0.53974360947383 0.41436464088397795 0.6579356407454716 0.3491712707182321 0.6579356407454716
7 0.9171270718232044 0.6776343126240786 1.0 0.6776343126240786 1.0 0.8336477878910877 0.9171270718232044 0.8336477878910877
7 0.8740331491712707 0.6342972344911433 0.9790055248618785 0.6342972344911433 0.9790055248618785 0.7308207266963174 0.8740331491712707 0.7308207266963174
3 0.8121546961325967 0.5771710860431832 0.9215469613259668 0.5771710860431832 0.9215469613259668 0.6933932501269641 0.8121546961325967 0.6933932501269641
3 0.6850828729281768 0.5948998907339295 0.8165745856353592 0.5948998907339295 0.8165745856353592 0.7308207266963174 0.6850828729281768 0.7308207266963174
7 0.6154696132596685 0.5535326797888549 0.6861878453038674 0.5535326797888549 0.6861878453038674 0.6717247110604965 0.6154696132596685 0.6717247110604965
7 0.5823204419889503 0.5555025469767155 0.6165745856353593 0.5555025469767155 0.6165745856353593 0.6185382969882578 0.5823204419889503 0.6185382969882578
3 0.41104972375690607 0.508225734468059 0.450828729281768 0.508225734468059 0.450828729281768 0.5673217501038798 0.41104972375690607 0.5673217501038798
