2 0.2850828729281768 0.33487742193631787 0.5215469613259669 0.33487742193631787 0.5215469613259669 0.6185382969882578 0.2850828729281768 0.6185382969882578
5 0.605524861878453 0.5791409532310435 0.7082872928176795 0.5791409532310435 0.7082872928176795 0.927807445482386 0.605524861878453 0.927807445482386
5 0.6475138121546962 0.6244478985518388 0.8342541436464093 0.6244478985518388 0.8342541436464093 0.9278074454823856 0.6475138121546962 0.9278074454823856
5 0.7359116022099448 0.49837639852875537 0.760220994475138 0.49837639852875537 0.760220994475138 0.6205081641761184 0.7359116022099448 0.6205081641761184
5 0.7127071823204418 0.5023161329044769 0.7348066298342542 0.5023161329044769 0.7348066298342542 0.6342972344911433 0.7127071823204418 0.6342972344911433
5 0.6950276243093922 0.5023161329044769 0.7193370165745855 0.5023161329044769 0.7193370165745855 0.6086889610489543 0.6950276243093922 0.6086889610489543
5 0.6795580110497238 0.49049692977731274 0.6994475138121546 0.49049692977731274 0.6994475138121546 0.6106588282368149 0.6795580110497238 0.6106588282368149
5 0.6607734806629835 0.494436664153034 0.6850828729281769 0.494436664153034 0.6850828729281769 0.6126286954246757 0.6607734806629835 0.6126286954246757
7 0.5657458563535912 0.488527062589452 0.6066298342541436 0.488527062589452 0.6066298342541436 0.5535326797888549 0.5657458563535912 0.5535326797888549
9 0.6232044198895028 0.4845873282137305 0.6530386740331493 0.4845873282137305 0.6530386740331493 0.5712614844796011 0.6232044198895028 0.5712614844796011
