7 0.701657458563536 0.5870204219824866 0.8651933701657459 0.5870204219824866 0.8651933701657459 0.7741578048292526 0.701657458563536 0.7741578048292526
7 0.8651933701657459 0.6106588282368149 0.9591160220994475 0.6106588282368149 0.9591160220994475 0.764308468889949 0.8651933701657459 0.764308468889949
3 0.6287292817679558 0.545653211037412 0.7082872928176795 0.545653211037412 0.7082872928176795 0.6776343126240787 0.6287292817679558 0.6776343126240787
7 0.5878453038674033 0.5476230782252728 0.6220994475138122 0.5476230782252728 0.6220994475138122 0.6224780313639793 0.5878453038674033 0.6224780313639793
7 0.5535911602209945 0.5417134766616907 0.5867403314917128 0.5417134766616907 0.5867403314917128 0.6047492266732329 0.5535911602209945 0.6047492266732329
7 0.5303867403314917 0.5318641407223872 0.5591160220994476 0.5318641407223872 0.5591160220994476 0.5870204219824866 0.5303867403314917 0.5870204219824866
7 0.5149171270718232 0.5318641407223872 0.5337016574585636 0.5318641407223872 0.5337016574585636 0.5555025469767155 0.5149171270718232 0.5555025469767155
3 0.3911602209944751 0.5515628126009942 0.4806629834254144 0.5515628126009942 0.4806629834254144 0.6894535157512426 0.3911602209944751 0.6894535157512426
1 0.30497237569060776 0.5121654688437803 0.3469613259668508 0.5121654688437803 0.3469613259668508 0.6874836485633821 0.30497237569060776 0.6874836485633821
4 0.06298342541436464 0.4845873282137305 0.1171270718232044 0.4845873282137305 0.1171270718232044 0.6579356407454716 0.06298342541436464 0.6579356407454716
5 0.04861878453038674 0.4570091875836809 0.06961325966850829 0.4570091875836809 0.06961325966850829 0.5870204219824866 0.04861878453038674 0.5870204219824866
5 0.10497237569060776 0.45306945320795955 0.11933701657458565 0.45306945320795955 0.11933701657458565 0.5870204219824866 0.10497237569060776 0.5870204219824866
5 0.1723756906077348 0.48064759383800915 0.18784530386740333 0.48064759383800915 0.18784530386740333 0.5614121485402976 0.1723756906077348 0.5614121485402976
5 0.21878453038674034 0.46882839071084503 0.23535911602209944 0.46882839071084503 0.23535911602209944 0.5712614844796011 0.21878453038674034 0.5712614844796011
2 0.24861878453038674 0.42746117976577047 0.3458563535911603 0.42746117976577047 0.3458563535911603 0.5791409532310439 0.24861878453038674 0.5791409532310439
2 0.35248618784530383 0.46882839071084503 0.39558011049723757 0.46882839071084503 0.39558011049723757 0.5614121485402976 0.35248618784530383 0.5614121485402976
3 0.4287292817679559 0.508225734468059 0.4552486187845304 0.508225734468059 0.4552486187845304 0.5476230782252727 0.4287292817679559 0.5476230782252727
