5 0.16795580110497238 0.5042860000923375 0.2022099447513812 0.5042860000923375 0.2022099447513812 0.6520260391818896 0.16795580110497238 0.6520260391818896
7 0.5160220994475138 0.5633820157281584 0.5933701657458563 0.5633820157281584 0.5933701657458563 0.6658151094969144 0.5160220994475138 0.6658151094969144
7 0.4441988950276244 0.53974360947383 0.4850828729281769 0.53974360947383 0.4850828729281769 0.6106588282368149 0.4441988950276244 0.6106588282368149
7 0.3569060773480663 0.5358038750981087 0.4011049723756906 0.5358038750981087 0.4011049723756906 0.5968697579217901 0.3569060773480663 0.5968697579217901
3 0.7723756906077347 0.811585281398606 0.9977900552486185 0.811585281398606 0.9977900552486185 0.9258375782945262 0.7723756906077347 0.9258375782945262
3 0.8552486187845304 0.5870204219824866 1.0 0.5870204219824866 1.0 0.7509133660009386 0.8552486187845304 0.7509133660009386
3 0.6209944751381216 0.53974360947383 0.6718232044198894 0.53974360947383 0.6718232044198894 0.6145985626125364 0.6209944751381216 0.6145985626125364
3 0.594475138121547 0.5377737422859693 0.6265193370165746 0.5377737422859693 0.6265193370165746 0.5948998907339295 0.594475138121547 0.5948998907339295
4 0.8 0.5791409532310439 0.8375690607734807 0.5791409532310439 0.8375690607734807 0.6855137813755214 0.8 0.6855137813755214
7 0.6585635359116027 0.5555025469767145 0.718232044198895 0.5555025469767145 0.718232044198895 0.6283876329275602 0.6585635359116027 0.6283876329275602
