1 0.5679558011049723 0.545653211037412 0.6243093922651933 0.545653211037412 0.6243093922651933 0.7623386017020883 0.5679558011049723 0.7623386017020883
3 0.2906077348066298 0.4550393203958202 0.3569060773480663 0.4550393203958202 0.3569060773480663 0.5889902891703473 0.2906077348066298 0.5889902891703473
7 0.1734806629834254 0.47079825789870566 0.22430939226519336 0.47079825789870566 0.22430939226519336 0.5338340079102478 0.1734806629834254 0.5338340079102478
7 0.12486187845303867 0.4471598516443775 0.1591160220994475 0.4471598516443775 0.1591160220994475 0.5082257344680591 0.12486187845303867 0.5082257344680591
4 0.03425414364640884 0.45306945320795955 0.07513812154696134 0.45306945320795955 0.07513812154696134 0.5692916172917405 0.03425414364640884 0.5692916172917405
7 0.06629834254143646 0.44322011726865607 0.10718232044198897 0.44322011726865607 0.10718232044198897 0.5161052032195017 0.06629834254143646 0.5161052032195017
7 0.0 0.4412502500807953 0.039779005524861875 0.4412502500807953 0.039779005524861875 0.53974360947383 0.0 0.53974360947383
5 0.7226519337016575 0.5358038750981087 0.7569060773480661 0.5358038750981087 0.7569060773480661 0.6993028516905462 0.7226519337016575 0.6993028516905462
5 0.9171270718232044 0.6027793594853722 0.9359116022099446 0.6027793594853722 0.9359116022099446 0.7485495313870635 0.9171270718232044 0.7485495313870635
5 0.9414364640883978 0.6067190938610936 0.9668508287292819 0.6067190938610936 0.9668508287292819 0.7702180704535311 0.9414364640883978 0.7702180704535311
5 0.9723756906077348 0.6145985626125363 0.985635359116022 0.6145985626125363 0.985635359116022 0.7603687345142276 0.9723756906077348 0.7603687345142276
5 0.5812154696132596 0.508225734468059 0.6066298342541436 0.508225734468059 0.6066298342541436 0.5594422813524369 0.5812154696132596 0.5594422813524369
9 0.36574585635359114 0.47473799227442703 0.3900552486187846 0.47473799227442703 0.3900552486187846 0.5377737422859692 0.36574585635359114 0.5377737422859692
7 0.39226519337016574 0.4727681250865664 0.4276243093922652 0.4727681250865664 0.4276243093922652 0.53974360947383 0.39226519337016574 0.53974360947383
