9 0.6209944751381216 0.5318641407223872 0.7337016574585634 0.5318641407223872 0.7337016574585634 0.8450730235922375 0.6209944751381216 0.8450730235922375
7 0.34585635359116024 0.5712614844796008 0.5458563535911602 0.5712614844796008 0.5458563535911602 0.8293140860893514 0.34585635359116024 0.8293140860893514
7 0.35911602209944754 0.5358038750981087 0.44198895027624313 0.5358038750981087 0.44198895027624313 0.6835439141876606 0.35911602209944754 0.6835439141876606
7 0.7370165745856354 0.5692916172917404 0.9138121546961326 0.5692916172917404 0.9138121546961326 0.8234044845257699 0.7370165745856354 0.8234044845257699
7 0.5569060773480663 0.53974360947383 0.6011049723756906 0.53974360947383 0.6011049723756906 0.6086889610489543 0.5569060773480663 0.6086889610489543
7 0.33370165745856356 0.514135336031641 0.38011049723756907 0.514135336031641 0.38011049723756907 0.5791409532310439 0.33370165745856356 0.5791409532310439
7 0.04751381215469613 0.5239846719709444 0.19337016574585636 0.5239846719709444 0.19337016574585636 0.6559657735576108 0.04751381215469613 0.6559657735576108
3 0.0 0.4786777266501485 0.10718232044198897 0.4786777266501485 0.10718232044198897 0.9297773126702473 0.0 0.9297773126702473
3 0.18895027624309393 0.48064759383800915 0.2994475138121547 0.48064759383800915 0.2994475138121547 0.5929300235460687 0.18895027624309393 0.5929300235460687
4 0.6044198895027625 0.5358038750981087 0.6176795580110497 0.5358038750981087 0.6176795580110497 0.5889902891703473 0.6044198895027625 0.5889902891703473
7 0.8806629834254146 0.5476230782252728 1.0000000000000002 0.5476230782252728 1.0000000000000002 0.7331845613101924 0.8806629834254146 0.7331845613101924
