3 0.47955801104972373 0.4845873282137305 0.569060773480663 0.4845873282137305 0.569060773480663 0.6342972344911433 0.47955801104972373 0.6342972344911433
5 0.27845303867403315 0.4767078594622879 0.31602209944751375 0.4767078594622879 0.31602209944751375 0.6736945782483572 0.27845303867403315 0.6736945782483572
5 0.3259668508287293 0.47079825789870566 0.34806629834254144 0.47079825789870566 0.34806629834254144 0.5673217501038798 0.3259668508287293 0.5673217501038798
5 0.4486187845303867 0.4668585235229844 0.46408839779005523 0.4668585235229844 0.46408839779005523 0.5476230782252728 0.4486187845303867 0.5476230782252728
5 0.5911602209944752 0.5003462657166161 0.6209944751381216 0.5003462657166161 0.6209944751381216 0.6126286954246757 0.5911602209944752 0.6126286954246757
2 0.4209944751381215 0.46291878914726303 0.44198895027624313 0.46291878914726303 0.44198895027624313 0.5358038750981088 0.4209944751381215 0.5358038750981088
2 0.40994475138121544 0.4668585235229844 0.4198895027624309 0.4668585235229844 0.4198895027624309 0.5180750704073623 0.40994475138121544 0.5180750704073623
9 0.18895027624309393 0.4727681250865664 0.2685082872928176 0.4727681250865664 0.2685082872928176 0.5594422813524369 0.18895027624309393 0.5594422813524369
9 0.0022099447513812156 0.4845873282137305 0.05524861878453039 0.4845873282137305 0.05524861878453039 0.6815740469998 0.0022099447513812156 0.6815740469998
3 0.7977900552486187 0.514135336031641 0.9624309392265193 0.514135336031641 0.9624309392265193 0.6894535157512426 0.7977900552486187 0.6894535157512426
7 0.9325966850828727 0.5633820157281584 0.9966850828729281 0.5633820157281584 0.9966850828729281 0.6421767032425861 0.9325966850828727 0.6421767032425861
7 0.6817679558011049 0.508225734468059 0.7812154696132597 0.508225734468059 0.7812154696132597 0.6185382969882578 0.6817679558011049 0.6185382969882578
7 0.630939226519337 0.4924667969651734 0.69060773480663 0.4924667969651734 0.69060773480663 0.5712614844796011 0.630939226519337 0.5712614844796011
7 0.7591160220994475 0.5003462657166161 0.8121546961325967 0.5003462657166161 0.8121546961325967 0.5791409532310439 0.7591160220994475 0.5791409532310439
3 0.3491712707182321 0.4550393203958202 0.3988950276243094 0.4550393203958202 0.3988950276243094 0.5535326797888549 0.3491712707182321 0.5535326797888549
